0.75 0.75 
19.25 0.7499999999999978 
0.75 0.75 
19.25 0.7499999999999978 
14.737991315560844 10.666826579065015 
9.490858164168133 15.452569672518297 
16.685134019805176 6.254206327850378 
3.431505477223837 19.58069223293669 
17.250872049782274 4.595994858534618 
16.685134019805176 6.254206327850378 
13.412267778570634 10.425458193197336 
10.296625701517087 14.723929123935399 
15.524649715863273 8.718103701261143 
14.391973805858441 9.66405494736733 
15.524649715863273 8.718103701261143 
10.296625701517087 14.723929123935399 
6.3041027431217325 17.437420790496116 
14.391973805858441 9.66405494736733 
4.330924446191551 18.335192653503366 
7.3465068774315165 16.273725855793945 
13.62427382202762 11.640024738546847 
5.34113454675869 18.596149822506078 
2.519825540061791 19.401332920188427 
7.3465068774315165 16.273725855793945 
6.3041027431217325 17.437420790496116 
5.34113454675869 18.596149822506078 
16.292942952319965 5.402181390771456 
8.368363828752816 16.66987355371817 
8.368363828752816 16.66987355371817 
10.741311815053031 14.258695733402735 
13.62427382202762 11.640024738546847 
11.383512291060796 13.691567803913475 
4.330924446191551 18.335192653503366 
18.40126431364203 2.4898858933382995 
1.7144459614228882 19.278681812823628 
17.65877560296743 5.63091366401676 
10.741311815053031 14.258695733402735 
18.40126431364203 2.4898858933382995 
11.383512291060796 13.691567803913475 
18.67968146515544 3.4770678323544812 
1.7144459614228882 19.278681812823628 
2.519825540061791 19.401332920188427 
12.589370041477178 12.512923150153027 
19.47295529209742 0.3090603220325854 
19.6713075456866 1.4251349134320492 
16.292942952319965 5.402181390771456 
12.606424692778784 12.491987977367774 
19.6713075456866 1.4251349134320492 
19.47295529209742 0.3090603220325854 
18.67968146515544 3.4770678323544812 
