6.426758091144466 9.612614555234694 
13.299791500583888 4.500130312665739 
7.4847417406609384 8.680743051568303 
2.2250590393839604 14.626229423302338 
5.387909828161039 10.612725524031465 
16.674729364723966 2.5140447211030987 
12.238894292303272 5.177536560785487 
1.3235139720331386 16.441640794525114 
3.5584448785508322 12.678945239226575 
3.9016256123278232 12.25181763983395 
10.54130604731696 6.328686689429974 
18.689254886652453 1.4268487728688615 
13.914136450328831 4.12066152109382 
3.211682877998425 13.135649549353964 
8.113252917344347 8.160427140825854 
16.402939963498575 2.6657969264121157 
11.478620813554787 5.682023880735409 
12.776010223151657 4.8309156471104835 
13.299791500583888 4.500130312665739 
5.6878593865283 10.313872780573945 
17.44835033911706 2.0889433550830323 
6.0359059783663 9.977732204162297 
4.482578418388796 11.575227265203878 
12.049780414075013 5.30146032427662 
15.734151308908725 3.0448280965733683 
15.037750237110771 3.4484603410068733 
2.8383498711416584 13.661359972711448 
17.8991650702539 1.8456894685152294 
20.49993071950724 0.5000346402764229 
4.6996538995438515 11.335226244425096 
9.193248605531167 7.314213265298545 
5.11025174621696 10.897654717515321 
7.087692779302305 9.021591766015202 
1.9202923252265465 15.170286466516178 
2.702144415827869 13.863518378194858 
10.252297592005629 6.534114713341205 
1.6289491169998667 15.748265348420453 
0.98481535751151 17.38611060725815 
14.493002159940826 3.7709820013601365 
2.5125603115885005 14.155616166106434 
8.425089645495536 7.910250494173749 
11.083511237200051 5.951109168313401 
7.767470229379427 8.443905914956584 
0.6230644461493746 18.931150446031396 
6.714301090527297 9.351635913262545 
19.317365643736885 1.1003269905203619 
4.0580037798202735 12.064356835640712 
19.839202213883212 0.8331740161850357 
9.525502852271055 7.064596889374116 
8.820491228366734 7.600006809325754 
