5.294392980798033 9.686549465276084 
17.37811049476388 1.6690708160189973 
1.7074515142330529 15.579266993172762 
11.489964116384913 4.339490024772924 
3.314193504808952 11.649777506948091 
6.707813272152023 8.265601944369429 
8.255870978183474 6.453826535455723 
16.30604274892561 1.4391007454558893 
16.655498696870417 2.746944495970803 
6.623251426796793 8.341709202999539 
4.74678178878041 11.725732398160217 
19.25008364134198 0.7499581069182821 
0.45259917182282217 16.474531318716124 
10.722004720671503 5.34083583173527 
6.449310628068283 8.495162636335014 
11.626352396653742 5.749098343670243 
2.359209270948405 12.479330672704489 
3.402797843746642 11.547908555887329 
4.454810802447525 10.540813054479878 
17.251680400665578 1.7359472902375515 
7.3985287537623226 7.456022260120376 
16.49319507478185 1.3366960913595918 
4.285763091077985 10.714107971473078 
4.666148899907158 10.314921795707757 
0.3384180811095743 15.278748179147975 
1.590839603317077 14.317411918353828 
3.4718480506440383 11.46681390312115 
2.568787457251236 13.686877278333565 
19.25008364134198 0.7499581069182821 
2.7385290256703776 13.430363146278172 
14.401337672363674 2.3224165021400593 
9.649916012103935 6.532391896539734 
7.483554272921976 7.3871375381386875 
3.6852447326083038 12.70569795173752 
10.296342928770942 5.63488795354251 
2.433885053106515 12.377829853411512 
4.584935840692106 10.403024926610303 
11.373125557031718 4.416077418603915 
4.372841593672244 10.62561108805994 
19.51050399968685 0.6188884111027378 
12.30569698772932 3.277641323897708 
8.425301317215185 6.326244116703839 
18.515779168132987 0.3594853305371716 
0.6089292392661421 17.437732127598665 
19.665497242510256 0.5400473526759024 
13.330728188310397 3.568216041661549 
12.440621323925457 4.693159690541911 
17.37811049476388 1.6690708160189973 
8.319780728183275 6.405989228633263 
0.6933255546296373 18.502821821804854 
1.457629189600156 14.564908184071427 
14.579807309906798 3.7176990320200893 
1.318384799746867 13.302237212689768 
10.466287294169831 5.518915119364113 
5.456171805076304 9.535667593932498 
7.6797245384745345 8.725154366210878 
14.273951266143026 2.3964147090618244 
8.547398870474261 7.732747202682014 
17.637309817986235 1.5304580524047091 
0.37280846511329724 16.692141948544574 
5.533285673910161 9.462210974231184 
7.316661402877967 7.521633436639654 
8.635202469873375 7.664668756697745 
5.35711790074721 9.628551910736523 
6.522918257336006 8.430740919993033 
13.468042006428178 3.4852644090999005 
2.277888349522236 12.586810331381695 
7.575432944303225 7.31182072819743 
10.383165206052313 5.575868408352943 
15.595331055229188 2.4990793467205994 
13.573019159264781 3.421279484035402 
4.51522729206534 10.477338029733442 
9.428397866233553 6.693775726261405 
12.63187644814447 4.571843485779466 
5.615939004814845 9.38230999381432 
9.533375728645204 6.617768393929469 
5.71235985204995 9.287499508783284 
8.719841747802729 7.598352732643904 
14.717876201902481 3.635775930921582 
18.398621247686098 0.4202526752740474 
3.611367931370779 11.298002060805148 
0.526840612519816 17.743849625690935 
12.746057606193538 4.498489105143639 
10.604354987775956 5.4233151336738885 
12.259945430432435 3.306087339699737 
9.311573861553445 5.2773936383409445 
15.452160562999676 2.580537602877323 
15.326927357779539 2.651164321716384 
6.25297121928398 8.66356810582747 
2.5198640639217027 12.257329377198145 
1.5263539408869533 14.44006702353863 
1.3627780858046503 14.728627056540128 
2.682439909048421 13.51735380843802 
6.351088998794323 8.58001800908392 
3.568922884010443 11.350093242568077 
0.28948849693503464 15.395953159646313 
