2.2946253542687096E-7 1.0567106090605594 
0.8503132586136473 -0.7412382543180734 
0.8231548759684164 -0.432565106940955 
0.6514412044978212 -0.4288843002231264 
0.40972272511865715 0.27175081962287867 
0.45305601816442226 -0.09451060862556608 
0.6188930601673859 -0.10565352847430268 
0.25085316752183917 0.27569459574103383 
0.18280991575981093 0.7052985027846905 
0.07845254880053056 0.7079986022058034 
0.6387717596556362 -0.3678773563573299 
0.002057325349865108 1.0157887438480744 
0.6348708412258777 -0.33498544585596424 
0.20417032261301582 0.5721539207735437 
0.42468637615249477 0.0800453392258265 
0.013515117768429952 0.919170579474629 
0.6418929391839305 -0.39675117133408355 
0.8272222580064392 -0.5023300387949013 
0.03358270332292263 0.8243077909294466 
0.6214812996199627 -0.1485748965334004 
0.4124715623262244 0.24027748128706772 
0.4213741141926679 0.12324509709625547 
0.43074294710795236 0.026864013919613388 
0.005809509399855528 0.9585442675448489 
0.1906497835942256 0.6503801554258369 
0.009921300972232705 0.9394463953871153 
0.025821205342941925 0.8680422804718997 
0.20728407185983955 0.532498781783167 
0.6235638469891897 -0.18671639230487758 
0.21912119570298394 0.44205151534222914 
0.8313897803760077 -0.5853924913394402 
0.019436326178654095 0.8897728564617313 
0.04138486538238359 0.7919307122073866 
0.07368239246913011 0.7178867884153597 
0.0631680990015902 0.7280404106778495 
0.626022741877473 -0.22366564106178813 
0.41360458461436145 0.21987631521627987 
0.6281221697444486 -0.25244888294070117 
0.6325038558757843 -0.3077731580192273 
0.6190699499939808 -0.10742778186725203 
0.4342403753600611 -0.006504524572293806 
0.8286150100370265 -0.5287877102490385 
0.8256027492256186 -0.46983450017731526 
0.44544460453290946 -0.06577001463100017 
0.41516054532528035 0.19682532130219013 
0.22498627351516065 0.4101324688033994 
0.4169857591461729 0.18088966135845647 
0.44930170450821644 -0.08966580132486125 
0.8300282392054257 -0.5537926603567549 
0.22180702579632666 0.41825847952544687 
0.8445070304096649 -0.7322385422591862 
0.1964710494162159 0.6131155532606469 
0.6224993527443209 -0.16099166764582162 
0.42613551335885536 0.06317876340821808 
0.8247825165305112 -0.4607435995353252 
0.6252373545173556 -0.20891866210996363 
0.8384915377791046 -0.667721119574716 
0.2435091030182787 0.3316363384450578 
0.8355310416303293 -0.6243565537906467 
0.24365812238475545 0.3015766118365583 
0.21293053143372087 0.48981859131331845 
0.64674444850193 -0.4207207636579534 
0.18717744935921474 0.676510528658127 
0.05152961855892024 0.7626884476536068 
0.2401055893464985 0.3361244197723239 
0.05531415516800698 0.7510740018640679 
0.4206799089451158 0.13126020090235727 
0.22797784559209705 0.3823115879205048 
0.029175121249467584 0.8445917851014771 
0.06084441299156307 0.7416702477534916 
0.18649427594969614 0.6831581154017083 
0.21590102931334262 0.4714945321762964 
0.2164376365731531 0.4603112560264931 
0.6312877835674002 -0.2936318047118661 
0.021383407706137336 0.8829560415182128 
0.23355994761055182 0.3513320070919465 
0.002959203941995059 0.9836849947810156 
0.8356408126552531 -0.6455707540318022 
0.22712966965766174 0.3841262567635027 
0.002937055023942564 0.9870672366291345 
0.840392749034589 -0.6906990702107269 
0.1993473654658841 0.593466096096493 
0.41922683207723566 0.1592603641592417 
0.04619081763314686 0.7725733978777094 
0.19935122686681625 0.5865697295334661 
0.8429691032551556 -0.7134417833644139 
0.20804523000174074 0.5262787567138814 
0.23232738657440494 0.3545840091692361 
0.19508657121424322 0.6343474084064683 
0.24825244832872737 0.28862968625529345 
0.2101688898411538 0.5078196939113614 
0.8336960749110263 -0.6076876531574132 
0.4402235876459387 -0.03725028815396505 
0.8368032661131931 -0.6562197462026395 
0.42882072288535317 0.046333410021719604 
0.8327835855925784 -0.6012810518917707 
0.6307097092574566 -0.2757832341081882 
0.41904213370365867 0.15991589337624515 
0.045640397897662166 0.7822087308581755 
0.4412356477819014 -0.05290215421933784 
