0.4219061544423464 1.568414670654054 
0.002535111002262669 3.4402113134191397 
0.8269216857253916 0.5934041231493763 
0.2487277810337327 1.647594183143981 
0.47272186701349383 1.221897027271487 
0.05118344721456794 2.386110829651206 
3.439228885162779E-5 4.152421157368368 
0.6406475759393273 1.0400236854053642 
0.23278090809856258 1.884294164945668 
5.259232348280886E-5 3.5450671658123425 
0.4636794649237027 1.3479015270427135 
0.0048996911389998 2.704577337127947 
0.20835501366005144 2.1031847441480642 
0.4498026932031486 1.4029896904622299 
0.638280850156437 1.2140801590816468 
0.6449710024663522 0.9249150167487512 
0.20739096468206936 2.147178146572455 
0.10398458645705726 2.1779128382133037 
0.22552272830134334 2.048896102026378 
0.43584022156004854 1.4887453828426431 
